55.944425,-3.188396,SSE,55.944147836140246,-3.1882811949702905,0.0,248.75
55.944147836140246,-3.1882811949702905,SW,55.94393570410589,-3.1884933270046463,73.369384765625,324.8288345336914
55.94393570410589,-3.1884933270046463,SW,55.943723572071534,-3.188705459039002,73.369384765625,323.5788345336914
55.943723572071534,-3.188705459039002,SW,55.94351144003718,-3.188917591073358,73.369384765625,322.3288345336914
55.94351144003718,-3.188917591073358,S,55.943211440037174,-3.188917591073358,130.0079460144043,404.7408752441406
55.943211440037174,-3.188917591073358,WSW,55.943096635007464,-3.189194754933111,130.0079460144043,403.4908752441406
55.943096635007464,-3.189194754933111,WSW,55.942981829977754,-3.1894719187928646,130.0079460144043,402.2408752441406
55.942981829977754,-3.1894719187928646,SW,55.9427696979434,-3.1896840508272204,130.0079460144043,400.9908752441406
55.9427696979434,-3.1896840508272204,N,55.9430696979434,-3.1896840508272204,179.4463768005371,469.57360076904297
55.9430696979434,-3.1896840508272204,NNW,55.94334686180316,-3.18979885585693,179.4463768005371,468.32360076904297
55.94334686180316,-3.18979885585693,W,55.94334686180316,-3.19009885585693,179.4463768005371,467.07360076904297
55.94334686180316,-3.19009885585693,WSW,55.94323205677345,-3.1903760197166835,179.4463768005371,465.82360076904297
55.94323205677345,-3.1903760197166835,SW,55.94301992473909,-3.1905881517510393,179.4463768005371,464.57360076904297
55.94301992473909,-3.1905881517510393,WSW,55.94290511970938,-3.1908653156107927,179.4463768005371,463.32360076904297
55.94290511970938,-3.1908653156107927,SW,55.942692987675024,-3.1910774476451484,179.4463768005371,462.07360076904297
55.942692987675024,-3.1910774476451484,N,55.94299298767503,-3.1910774476451484,257.1017951965332,544.3154830932617
55.94299298767503,-3.1910774476451484,WNW,55.94310779270474,-3.191354611504902,257.1017951965332,543.0654830932617
55.94310779270474,-3.191354611504902,NNW,55.94338495656449,-3.1914694165346114,257.1017951965332,541.8154830932617
55.94338495656449,-3.1914694165346114,NNE,55.94366212042425,-3.191354611504902,257.1017951965332,540.5654830932617
55.94366212042425,-3.191354611504902,NNW,55.943939284284006,-3.1914694165346114,318.7993049621582,560.6800270080566
55.943939284284006,-3.1914694165346114,WNW,55.94405408931372,-3.1917465803943648,363.1133460998535,565.0436606407166
55.94405408931372,-3.1917465803943648,NNE,55.94433125317347,-3.1916317753646553,378.76855278015137,604.5570883750916
55.94433125317347,-3.1916317753646553,N,55.944631253173476,-3.1916317753646553,470.8634090423584,608.4022521972656
55.944631253173476,-3.1916317753646553,NE,55.94484338520783,-3.1914196433302995,560.0221538543701,709.9430541992188
55.94484338520783,-3.1914196433302995,NNE,55.94512054906759,-3.19130483830059,560.0221538543701,708.6930541992188
55.94512054906759,-3.19130483830059,ESE,55.94500574403788,-3.1910276744408366,623.9520816802979,825.3226623535156
55.94500574403788,-3.1910276744408366,ENE,55.94512054906759,-3.190750510581083,623.9520816802979,824.0726623535156
55.94512054906759,-3.190750510581083,ENE,55.9452353540973,-3.1904733467213298,623.9520816802979,822.8226623535156
55.9452353540973,-3.1904733467213298,SSE,55.94495819023754,-3.1903585416916203,739.7244663238525,907.6298599243164
55.94495819023754,-3.1903585416916203,S,55.94465819023754,-3.1903585416916203,739.7244663238525,906.3798599243164
55.94465819023754,-3.1903585416916203,ESE,55.94454338520783,-3.190081377831867,800.5221920013428,941.6479682922363
55.94454338520783,-3.190081377831867,ENE,55.94465819023754,-3.1898042139721134,811.2996940612793,1002.1401901245117
55.94465819023754,-3.1898042139721134,S,55.94435819023754,-3.1898042139721134,907.3817710876465,1035.4752769470215
55.94435819023754,-3.1898042139721134,WSW,55.94424338520783,-3.190081377831867,907.3817710876465,1034.2252769470215
55.94424338520783,-3.190081377831867,WSW,55.944128580178116,-3.1903585416916203,907.3817710876465,1032.9752769470215
55.944128580178116,-3.1903585416916203,ENE,55.94424338520783,-3.190081377831867,929.6758842468262,1042.7838411331177
55.94424338520783,-3.190081377831867,ENE,55.94435819023754,-3.1898042139721134,929.6758842468262,1041.5338411331177
55.94435819023754,-3.1898042139721134,ENE,55.94447299526725,-3.18952705011236,929.6758842468262,1040.2838411331177
55.94447299526725,-3.18952705011236,NNE,55.944750159127004,-3.1894122450826505,929.6758842468262,1039.0338411331177
55.944750159127004,-3.1894122450826505,NNE,55.94502732298676,-3.189297440052941,929.6758842468262,1037.7838411331177
55.94502732298676,-3.189297440052941,NNE,55.94530448684652,-3.1891826350232315,929.6758842468262,1036.5338411331177
55.94530448684652,-3.1891826350232315,NNE,55.94558165070627,-3.189067829993522,929.6758842468262,1035.2838411331177
55.94558165070627,-3.189067829993522,E,55.94558165070627,-3.188767829993522,1010.3063697814941,1149.8803224563599
55.94558165070627,-3.188767829993522,E,55.94558165070627,-3.1884678299935216,1032.1995658874512,1249.619236946106
55.94558165070627,-3.1884678299935216,ENE,55.945696455735984,-3.1881906661337682,1032.1995658874512,1248.369236946106
55.945696455735984,-3.1881906661337682,E,55.945696455735984,-3.187890666133768,1032.1995658874512,1247.119236946106
55.945696455735984,-3.187890666133768,ENE,55.945811260765694,-3.1876135022740146,1032.1995658874512,1245.869236946106
55.945811260765694,-3.1876135022740146,SE,55.94559912873134,-3.187401370239659,1043.0335493087769,1327.188328742981
55.94559912873134,-3.187401370239659,SSE,55.94532196487158,-3.1872865652099494,1043.0335493087769,1325.938328742981
55.94532196487158,-3.1872865652099494,SSE,55.945044801011825,-3.18717176018024,1043.0335493087769,1324.688328742981
55.945044801011825,-3.18717176018024,SSE,55.94476763715207,-3.1870569551505303,1092.304476737976,1336.5130777359009
55.94476763715207,-3.1870569551505303,SE,55.94455550511771,-3.1868448231161746,1092.304476737976,1335.2630777359009
55.94455550511771,-3.1868448231161746,SSE,55.944278341257956,-3.186730018086465,1092.304476737976,1334.0130777359009
55.944278341257956,-3.186730018086465,SSW,55.9440011773982,-3.1868448231161746,1202.913447380066,1404.1745920181274
55.9440011773982,-3.1868448231161746,ESE,55.94388637236849,-3.186567659256421,1202.913447380066,1402.9245920181274
55.94388637236849,-3.186567659256421,SSE,55.94360920850873,-3.1864528542267117,1234.5751504898071,1481.2459573745728
55.94360920850873,-3.1864528542267117,ENE,55.94372401353844,-3.1861756903669582,1234.5751504898071,1479.9959573745728
55.94372401353844,-3.1861756903669582,E,55.94372401353844,-3.185875690366958,1234.5751504898071,1478.7459573745728
55.94372401353844,-3.185875690366958,ENE,55.94383881856815,-3.1855985265072047,1234.5751504898071,1477.4959573745728
55.94383881856815,-3.1855985265072047,S,55.94353881856815,-3.1855985265072047,1311.7902383804321,1485.4016790390015
55.94353881856815,-3.1855985265072047,S,55.94323881856815,-3.1855985265072047,1311.7902383804321,1484.1516790390015
55.94323881856815,-3.1855985265072047,S,55.942938818568145,-3.1855985265072047,1311.7902383804321,1482.9016790390015
55.942938818568145,-3.1855985265072047,NE,55.9431509506025,-3.185386394472849,1346.9298830032349,1541.9929304122925
55.9431509506025,-3.185386394472849,NE,55.94336308263686,-3.185174262438493,1346.9298830032349,1540.7429304122925
55.94336308263686,-3.185174262438493,NE,55.94357521467121,-3.1849621304041373,1346.9298830032349,1539.4929304122925
55.94357521467121,-3.1849621304041373,NE,55.94378734670557,-3.1847499983697816,1346.9298830032349,1538.2429304122925
55.94378734670557,-3.1847499983697816,NNW,55.944064510565326,-3.184864803399491,1432.805676460266,1613.0076475143433
55.944064510565326,-3.184864803399491,N,55.94436451056533,-3.184864803399491,1432.805676460266,1611.7576475143433
55.94436451056533,-3.184864803399491,N,55.94466451056533,-3.184864803399491,1432.805676460266,1610.5076475143433
55.94466451056533,-3.184864803399491,N,55.944964510565335,-3.184864803399491,1432.805676460266,1609.2576475143433
55.944964510565335,-3.184864803399491,ESE,55.944849705535624,-3.1845876395397377,1465.5985383987427,1695.1176481246948
55.944849705535624,-3.1845876395397377,NNE,55.94512686939538,-3.184472834510028,1465.5985383987427,1693.8676481246948
55.94512686939538,-3.184472834510028,N,55.945426869395384,-3.184472834510028,1465.5985383987427,1692.6176481246948
55.945426869395384,-3.184472834510028,NNE,55.94570403325514,-3.1843580294803187,1465.5985383987427,1691.3676481246948
55.94570403325514,-3.1843580294803187,W,55.94570403325514,-3.184658029480319,1535.0570497512817,1806.2020444869995
55.94570403325514,-3.184658029480319,W,55.94570403325514,-3.184958029480319,1535.0570497512817,1804.9520444869995
55.94570403325514,-3.184958029480319,WSW,55.94558922822543,-3.1852351933400724,1535.0570497512817,1803.7020444869995
55.94558922822543,-3.1852351933400724,W,55.94558922822543,-3.1855351933400726,1535.0570497512817,1802.4520444869995
55.94558922822543,-3.1855351933400726,WSW,55.94547442319572,-3.185812357199826,1535.0570497512817,1801.2020444869995
55.94547442319572,-3.185812357199826,SSW,55.94519725933596,-3.1859271622295355,1648.9445009231567,1834.8058233261108
55.94519725933596,-3.1859271622295355,S,55.94489725933596,-3.1859271622295355,1755.2638902664185,1850.6822843551636
55.94489725933596,-3.1859271622295355,SSW,55.9446200954762,-3.186041967259245,1770.9827146530151,1942.7242994308472
55.9446200954762,-3.186041967259245,SSW,55.94434293161645,-3.1861567722889546,1770.9827146530151,1941.4742994308472
55.94434293161645,-3.1861567722889546,SW,55.94413079958209,-3.1863689043233103,1770.9827146530151,1940.2242994308472
55.94413079958209,-3.1863689043233103,SE,55.943918667547734,-3.1861567722889546,1770.9827146530151,1938.9742994308472
55.943918667547734,-3.1861567722889546,SSW,55.94364150368798,-3.186271577318664,1770.9827146530151,1937.7242994308472
55.94364150368798,-3.186271577318664,SW,55.94342937165362,-3.18648370935302,1770.9827146530151,1936.4742994308472
55.94342937165362,-3.18648370935302,SSW,55.943152207793865,-3.1865985143827293,1770.9827146530151,1935.2242994308472
55.943152207793865,-3.1865985143827293,SW,55.94294007575951,-3.186810646417085,1770.9827146530151,1933.9742994308472
55.94294007575951,-3.186810646417085,SSW,55.94266291189975,-3.1869254514467946,1770.9827146530151,1932.7242994308472
55.94266291189975,-3.1869254514467946,NW,55.94287504393411,-3.1871375834811504,1795.0093698501587,2048.5710248947144
55.94287504393411,-3.1871375834811504,WNW,55.94298984896382,-3.187414747340904,1795.0093698501587,2047.3210248947144
55.94298984896382,-3.187414747340904,WNW,55.94310465399353,-3.187691911200657,1795.0093698501587,2046.0710248947144
55.94310465399353,-3.187691911200657,WNW,55.94321945902324,-3.1879690750604106,1795.0093698501587,2044.8210248947144
55.94321945902324,-3.1879690750604106,WNW,55.94333426405295,-3.188246238920164,1795.0093698501587,2043.5710248947144
55.94333426405295,-3.188246238920164,WNW,55.94344906908266,-3.1885234027799174,1795.0093698501587,2042.3210248947144
55.94344906908266,-3.1885234027799174,WNW,55.94356387411237,-3.188800566639671,1795.0093698501587,2041.0710248947144
55.94356387411237,-3.188800566639671,WNW,55.94367867914208,-3.1890777304994242,1795.0093698501587,2039.8210248947144
55.94367867914208,-3.1890777304994242,WNW,55.94379348417179,-3.1893548943591776,1795.0093698501587,2038.5710248947144
55.94379348417179,-3.1893548943591776,WNW,55.9439082892015,-3.189632058218931,1795.0093698501587,2037.3210248947144
55.9439082892015,-3.189632058218931,WNW,55.94402309423121,-3.1899092220786844,1795.0093698501587,2036.0710248947144
55.94402309423121,-3.1899092220786844,WNW,55.94413789926092,-3.190186385938438,1795.0093698501587,2034.8210248947144
55.94413789926092,-3.190186385938438,NW,55.94435003129528,-3.1903985179727936,1795.0093698501587,2033.5710248947144
55.94435003129528,-3.1903985179727936,WNW,55.94446483632499,-3.190675681832547,1795.0093698501587,2032.3210248947144
55.94446483632499,-3.190675681832547,WNW,55.9445796413547,-3.1909528456923004,1795.0093698501587,2031.0710248947144
55.9445796413547,-3.1909528456923004,WNW,55.94469444638441,-3.191230009552054,1795.0093698501587,2029.8210248947144
55.94469444638441,-3.191230009552054,WNW,55.94480925141412,-3.1915071734118072,1795.0093698501587,2028.5710248947144
55.94480925141412,-3.1915071734118072,WNW,55.94492405644383,-3.1917843372715606,1795.0093698501587,2027.3210248947144
55.94492405644383,-3.1917843372715606,WNW,55.94503886147354,-3.192061501131314,1795.0093698501587,2026.0710248947144
55.94503886147354,-3.192061501131314,WNW,55.94515366650325,-3.1923386649910674,1795.0093698501587,2024.8210248947144
55.94515366650325,-3.1923386649910674,E,55.94515366650325,-3.1920386649910673,1880.4355478286743,2061.584822654724
55.94515366650325,-3.1920386649910673,ESE,55.94503886147354,-3.191761501131314,1880.4355478286743,2060.334822654724
55.94503886147354,-3.191761501131314,E,55.94503886147354,-3.1914615011313137,1880.4355478286743,2059.084822654724
55.94503886147354,-3.1914615011313137,E,55.94503886147354,-3.1911615011313135,1880.4355478286743,2057.834822654724
55.94503886147354,-3.1911615011313135,SW,55.944826729439185,-3.1913736331656692,1880.4355478286743,2056.584822654724
55.944826729439185,-3.1913736331656692,E,55.944826729439185,-3.191073633165669,1880.4355478286743,2055.334822654724
55.944826729439185,-3.191073633165669,E,55.944826729439185,-3.190773633165669,1880.4355478286743,2054.084822654724
55.944826729439185,-3.190773633165669,NNE,55.94510389329894,-3.1906588281359594,1880.4355478286743,2052.834822654724
55.94510389329894,-3.1906588281359594,ESE,55.94498908826923,-3.190381664276206,1880.4355478286743,2051.584822654724
55.94498908826923,-3.190381664276206,ESE,55.94487428323952,-3.1901045004164525,1880.4355478286743,2050.334822654724
55.94487428323952,-3.1901045004164525,ENE,55.94498908826923,-3.189827336556699,1880.4355478286743,2049.084822654724
55.94498908826923,-3.189827336556699,E,55.94498908826923,-3.189527336556699,1880.4355478286743,2047.8348226547241
55.94498908826923,-3.189527336556699,NW,55.94520122030359,-3.1897394685910547,1880.4355478286743,2046.5848226547241
55.94520122030359,-3.1897394685910547,SSW,55.94492405644383,-3.1898542736207642,1880.4355478286743,2045.3348226547241
55.94492405644383,-3.1898542736207642,E,55.94492405644383,-3.189554273620764,1880.4355478286743,2044.0848226547241
55.94492405644383,-3.189554273620764,E,55.94492405644383,-3.189254273620764,1880.4355478286743,2042.8348226547241
55.94492405644383,-3.189254273620764,SSW,55.944646892584075,-3.1893690786504734,1880.4355478286743,2041.5848226547241
55.944646892584075,-3.1893690786504734,SW,55.94443476054972,-3.189581210684829,1880.4355478286743,2040.3348226547241
55.94443476054972,-3.189581210684829,ENE,55.94454956557943,-3.1893040468250757,1880.4355478286743,2039.0848226547241
55.94454956557943,-3.1893040468250757,SSW,55.94427240171967,-3.1894188518547852,1880.4355478286743,2037.8348226547241
55.94427240171967,-3.1894188518547852,N,55.944572401719675,-3.1894188518547852,1880.4355478286743,2036.5848226547241
55.944572401719675,-3.1894188518547852,E,55.944572401719675,-3.189118851854785,1880.4355478286743,2035.3348226547241
55.944572401719675,-3.189118851854785,WSW,55.944457596689965,-3.1893960157145385,1880.4355478286743,2034.0848226547241
55.944457596689965,-3.1893960157145385,NE,55.94466972872432,-3.1891838836801827,1880.4355478286743,2032.8348226547241
55.94466972872432,-3.1891838836801827,E,55.94466972872432,-3.1888838836801825,1880.4355478286743,2031.5848226547241
55.94466972872432,-3.1888838836801825,E,55.94466972872432,-3.1885838836801823,1880.4355478286743,2030.3348226547241
55.94466972872432,-3.1885838836801823,WSW,55.94455492369461,-3.1888610475399357,1880.4355478286743,2029.0848226547241
55.94455492369461,-3.1888610475399357,E,55.94455492369461,-3.1885610475399355,1880.4355478286743,2027.8348226547241
55.94455492369461,-3.1885610475399355,E,55.94455492369461,-3.1882610475399353,1880.4355478286743,2026.5848226547241
55.94455492369461,-3.1882610475399353,SW,55.944342791660254,-3.188473179574291,1880.4355478286743,2025.3348226547241
55.944342791660254,-3.188473179574291,ENE,55.944457596689965,-3.1881960157145377,1880.4355478286743,2024.0848226547241
55.944457596689965,-3.1881960157145377,W,55.944457596689965,-3.188496015714538,1880.4355478286743,2022.8348226547241
55.944457596689965,-3.188496015714538,N,55.94475759668997,-3.188496015714538,1880.4355478286743,2021.5848226547241
55.94475759668997,-3.188496015714538,ENE,55.94487240171968,-3.1882188518547845,1880.4355478286743,2020.3348226547241
55.94487240171968,-3.1882188518547845,ENE,55.94498720674939,-3.187941687995031,1880.4355478286743,2019.0848226547241
55.94498720674939,-3.187941687995031,ENE,55.9451020117791,-3.1876645241352777,1880.4355478286743,2017.8348226547241
55.9451020117791,-3.1876645241352777,WSW,55.94498720674939,-3.187941687995031,1880.4355478286743,2016.5848226547241
55.94498720674939,-3.187941687995031,SSE,55.94471004288963,-3.1878268829653216,1880.4355478286743,2015.3348226547241
55.94471004288963,-3.1878268829653216,WSW,55.94459523785992,-3.188104046825075,1880.4355478286743,2014.0848226547241
55.94459523785992,-3.188104046825075,WSW,55.94448043283021,-3.1883812106848284,1880.4355478286743,2012.8348226547241
55.94448043283021,-3.1883812106848284,ENE,55.94459523785992,-3.188104046825075,1880.4355478286743,2011.5848226547241
55.94459523785992,-3.188104046825075,NNE,55.94487240171968,-3.1879892417953655,1880.4355478286743,2010.3348226547241
55.94487240171968,-3.1879892417953655,ENE,55.94498720674939,-3.187712077935612,1880.4355478286743,2009.0848226547241
55.94498720674939,-3.187712077935612,SSE,55.94471004288963,-3.1875972729059026,1880.4355478286743,2007.8348226547241
55.94471004288963,-3.1875972729059026,E,55.94471004288963,-3.1872972729059024,1880.4355478286743,2006.5848226547241
55.94471004288963,-3.1872972729059024,W,55.94471004288963,-3.1875972729059026,1880.4355478286743,2005.3348226547241
55.94471004288963,-3.1875972729059026,W,55.94471004288963,-3.1878972729059027,1880.4355478286743,2004.0848226547241
55.94471004288963,-3.1878972729059027,E,55.94471004288963,-3.1875972729059026,1880.4355478286743,2002.8348226547241
55.94471004288963,-3.1875972729059026,NE,55.94492217492399,-3.187385140871547,1880.4355478286743,2001.5848226547241
55.94492217492399,-3.187385140871547,WSW,55.94480736989428,-3.1876623047313,1880.4355478286743,2000.3348226547241
55.94480736989428,-3.1876623047313,W,55.94480736989428,-3.1879623047313004,1880.4355478286743,1999.0848226547241
55.94480736989428,-3.1879623047313004,W,55.94480736989428,-3.1882623047313006,1880.4355478286743,1997.8348226547241
55.94480736989428,-3.1882623047313006,SE,55.94459523785992,-3.188050172696945,1880.4355478286743,1996.5848226547241
55.94459523785992,-3.188050172696945,SW,55.944383105825565,-3.1882623047313006,1880.4355478286743,1995.3348226547241
55.944383105825565,-3.1882623047313006,W,55.944383105825565,-3.1885623047313008,1880.4355478286743,1994.0848226547241
55.944383105825565,-3.1885623047313008,ENE,55.944497910855276,-3.1882851408715474,1880.4355478286743,1992.8348226547241
55.944497910855276,-3.1882851408715474,ENE,55.944612715884986,-3.188007977011794,1880.4355478286743,1991.5848226547241
55.944612715884986,-3.188007977011794,E,55.944612715884986,-3.1877079770117938,1880.4355478286743,1990.3348226547241
55.944612715884986,-3.1877079770117938,NE,55.94482484791934,-3.187495844977438,1880.4355478286743,1989.0848226547241
55.94482484791934,-3.187495844977438,WSW,55.94471004288963,-3.1877730088371914,1880.4355478286743,1987.8348226547241
55.94471004288963,-3.1877730088371914,ENE,55.94482484791934,-3.187495844977438,1880.4355478286743,1986.5848226547241
55.94482484791934,-3.187495844977438,W,55.94482484791934,-3.187795844977438,1880.4355478286743,1985.3348226547241
55.94482484791934,-3.187795844977438,W,55.94482484791934,-3.1880958449774384,1880.4355478286743,1984.0848226547241
55.94482484791934,-3.1880958449774384,E,55.94482484791934,-3.187795844977438,1880.4355478286743,1982.8348226547241
55.94482484791934,-3.187795844977438,ENE,55.94493965294905,-3.1875186811176848,1880.4355478286743,1981.5848226547241
55.94493965294905,-3.1875186811176848,WSW,55.94482484791934,-3.187795844977438,1880.4355478286743,1980.3348226547241
55.94482484791934,-3.187795844977438,ENE,55.94493965294905,-3.1875186811176848,1880.4355478286743,1979.0848226547241
55.94493965294905,-3.1875186811176848,SE,55.9447275209147,-3.187306549083329,1880.4355478286743,1977.8348226547241
55.9447275209147,-3.187306549083329,E,55.9447275209147,-3.187006549083329,1880.4355478286743,1976.5848226547241
55.9447275209147,-3.187006549083329,ENE,55.94484232594441,-3.1867293852235754,1880.4355478286743,1975.3348226547241
55.94484232594441,-3.1867293852235754,WSW,55.9447275209147,-3.187006549083329,1880.4355478286743,1974.0848226547241
55.9447275209147,-3.187006549083329,SW,55.94451538888034,-3.1872186811176846,1880.4355478286743,1972.8348226547241
55.94451538888034,-3.1872186811176846,W,55.94451538888034,-3.1875186811176848,1880.4355478286743,1971.5848226547241
55.94451538888034,-3.1875186811176848,ENE,55.94463019391005,-3.1872415172579314,1880.4355478286743,1970.3348226547241
55.94463019391005,-3.1872415172579314,NW,55.94484232594441,-3.187453649292287,1880.4355478286743,1969.0848226547241
55.94484232594441,-3.187453649292287,W,55.94484232594441,-3.1877536492922873,1880.4355478286743,1967.8348226547241
55.94484232594441,-3.1877536492922873,E,55.94484232594441,-3.187453649292287,1880.4355478286743,1966.5848226547241
55.94484232594441,-3.187453649292287,W,55.94484232594441,-3.1877536492922873,1880.4355478286743,1965.3348226547241
55.94484232594441,-3.1877536492922873,ENE,55.94495713097412,-3.187476485432534,1880.4355478286743,1964.0848226547241
55.94495713097412,-3.187476485432534,WSW,55.94484232594441,-3.1877536492922873,1880.4355478286743,1962.8348226547241
55.94484232594441,-3.1877536492922873,W,55.94484232594441,-3.1880536492922875,1880.4355478286743,1961.5848226547241
55.94484232594441,-3.1880536492922875,WSW,55.9447275209147,-3.188330813152041,1880.4355478286743,1960.3348226547241
55.9447275209147,-3.188330813152041,NNW,55.94500468477445,-3.1884456181817504,1880.4355478286743,1959.0848226547241
55.94500468477445,-3.1884456181817504,NE,55.94521681680881,-3.1882334861473947,1880.4355478286743,1957.8348226547241
55.94521681680881,-3.1882334861473947,ENE,55.94533162183852,-3.1879563222876413,1880.4355478286743,1956.5848226547241
55.94533162183852,-3.1879563222876413,WNW,55.94544642686823,-3.1882334861473947,1880.4355478286743,1955.3348226547241
55.94544642686823,-3.1882334861473947,ENE,55.94556123189794,-3.1879563222876413,1880.4355478286743,1954.0848226547241
55.94556123189794,-3.1879563222876413,ESE,55.94544642686823,-3.187679158427888,1880.4355478286743,1952.8348226547241
55.94544642686823,-3.187679158427888,E,55.94544642686823,-3.1873791584278877,1880.4355478286743,1951.5848226547241
55.94544642686823,-3.1873791584278877,E,55.94544642686823,-3.1870791584278875,1880.4355478286743,1950.3348226547241
55.94544642686823,-3.1870791584278875,W,55.94544642686823,-3.1873791584278877,1880.4355478286743,1949.0848226547241
55.94544642686823,-3.1873791584278877,SW,55.945234294833874,-3.1875912904622434,1880.4355478286743,1947.8348226547241
55.945234294833874,-3.1875912904622434,SW,55.94502216279952,-3.187803422496599,1880.4355478286743,1946.5848226547241
55.94502216279952,-3.187803422496599,ENE,55.94513696782923,-3.187526258636846,1880.4355478286743,1945.3348226547241
55.94513696782923,-3.187526258636846,W,55.94513696782923,-3.187826258636846,1880.4355478286743,1944.0848226547241
55.94513696782923,-3.187826258636846,E,55.94513696782923,-3.187526258636846,1880.4355478286743,1942.8348226547241
55.94513696782923,-3.187526258636846,WSW,55.94502216279952,-3.187803422496599,1880.4355478286743,1941.5848226547241
55.94502216279952,-3.187803422496599,WSW,55.94490735776981,-3.1880805863563526,1880.4355478286743,1940.3348226547241
55.94490735776981,-3.1880805863563526,WSW,55.9447925527401,-3.188357750216106,1880.4355478286743,1939.0848226547241
55.9447925527401,-3.188357750216106,NE,55.94500468477445,-3.1881456181817502,1880.4355478286743,1937.8348226547241
55.94500468477445,-3.1881456181817502,WSW,55.94488987974474,-3.1884227820415036,1880.4355478286743,1936.5848226547241
55.94488987974474,-3.1884227820415036,NNW,55.9451670436045,-3.188537587071213,1880.4355478286743,1935.3348226547241
55.9451670436045,-3.188537587071213,E,55.9451670436045,-3.188237587071213,1880.4355478286743,1934.0848226547241
55.9451670436045,-3.188237587071213,WNW,55.94528184863421,-3.1885147509309664,1880.4355478286743,1932.8348226547241
55.94528184863421,-3.1885147509309664,WSW,55.9451670436045,-3.1887919147907198,1880.4355478286743,1931.5848226547241
55.9451670436045,-3.1887919147907198,SW,55.94495491157014,-3.1890040468250755,1880.4355478286743,1930.3348226547241
55.94495491157014,-3.1890040468250755,NE,55.9451670436045,-3.1887919147907198,1880.4355478286743,1929.0848226547241
55.9451670436045,-3.1887919147907198,E,55.9451670436045,-3.1884919147907196,1880.4355478286743,1927.8348226547241
55.9451670436045,-3.1884919147907196,E,55.9451670436045,-3.1881919147907194,1880.4355478286743,1926.5848226547241
55.9451670436045,-3.1881919147907194,WSW,55.94505223857479,-3.188469078650473,1880.4355478286743,1925.3348226547241
55.94505223857479,-3.188469078650473,ENE,55.9451670436045,-3.1881919147907194,1880.4355478286743,1924.0848226547241
55.9451670436045,-3.1881919147907194,NE,55.945379175638855,-3.1879797827563636,1880.4355478286743,1922.8348226547241
55.945379175638855,-3.1879797827563636,E,55.945379175638855,-3.1876797827563634,1880.4355478286743,1921.5848226547241
55.945379175638855,-3.1876797827563634,WSW,55.945264370609145,-3.187956946616117,1880.4355478286743,1920.3348226547241
55.945264370609145,-3.187956946616117,SW,55.94505223857479,-3.1881690786504726,1880.4355478286743,1919.0848226547241
55.94505223857479,-3.1881690786504726,NE,55.945264370609145,-3.187956946616117,1880.4355478286743,1917.8348226547241
55.945264370609145,-3.187956946616117,ENE,55.945379175638855,-3.1876797827563634,1880.4355478286743,1916.5848226547241
55.945379175638855,-3.1876797827563634,WSW,55.945264370609145,-3.187956946616117,1880.4355478286743,1915.3348226547241
55.945264370609145,-3.187956946616117,SSE,55.94498720674939,-3.1878421415864073,1880.4355478286743,1914.0848226547241
55.94498720674939,-3.1878421415864073,NNE,55.945264370609145,-3.187727336556698,1880.4355478286743,1912.8348226547241
55.945264370609145,-3.187727336556698,ENE,55.945379175638855,-3.1874501726969444,1880.4355478286743,1911.5848226547241
55.945379175638855,-3.1874501726969444,S,55.94507917563885,-3.1874501726969444,1880.4355478286743,1910.3348226547241
55.94507917563885,-3.1874501726969444,WSW,55.94496437060914,-3.187727336556698,1880.4355478286743,1909.0848226547241
55.94496437060914,-3.187727336556698,W,55.94496437060914,-3.188027336556698,1880.4355478286743,1907.8348226547241
55.94496437060914,-3.188027336556698,WSW,55.94484956557943,-3.1883045004164514,1880.4355478286743,1906.5848226547241
55.94484956557943,-3.1883045004164514,NNW,55.94512672943919,-3.188419305446161,1880.4355478286743,1905.3348226547241
55.94512672943919,-3.188419305446161,E,55.94512672943919,-3.1881193054461607,1880.4355478286743,1904.0848226547241
55.94512672943919,-3.1881193054461607,WSW,55.94501192440948,-3.188396469305914,1880.4355478286743,1902.8348226547241
55.94501192440948,-3.188396469305914,SSW,55.94473476054972,-3.1885112743356236,1880.4355478286743,1901.5848226547241
55.94473476054972,-3.1885112743356236,ENE,55.94484956557943,-3.1882341104758702,1880.4355478286743,1900.3348226547241
55.94484956557943,-3.1882341104758702,SE,55.944637433545076,-3.1880219784415145,1880.4355478286743,1899.0848226547241
55.944637433545076,-3.1880219784415145,ESE,55.944522628515365,-3.187744814581761,1880.4355478286743,1897.8348226547241
55.944522628515365,-3.187744814581761,SSE,55.94424546465561,-3.1876300095520516,1880.4355478286743,1896.5848226547241
55.94424546465561,-3.1876300095520516,ENE,55.94436026968532,-3.187352845692298,1880.4355478286743,1895.3348226547241
55.94436026968532,-3.187352845692298,SSE,55.94408310582556,-3.1872380406625886,1880.4355478286743,1894.0848226547241
55.94408310582556,-3.1872380406625886,ENE,55.94419791085527,-3.1869608768028352,1880.4355478286743,1892.8348226547241
55.94419791085527,-3.1869608768028352,W,55.94419791085527,-3.1872608768028354,1880.4355478286743,1891.5848226547241
55.94419791085527,-3.1872608768028354,W,55.94419791085527,-3.1875608768028356,1880.4355478286743,1890.3348226547241
55.94419791085527,-3.1875608768028356,NE,55.94441004288963,-3.18734874476848,1880.4355478286743,1889.0848226547241
55.94441004288963,-3.18734874476848,ENE,55.94452484791934,-3.1870715809087264,1880.4355478286743,1887.8348226547241

