55.944425,-3.188396,SSE,55.944147836140246,-3.1882811949702905,0.0,248.75
55.944147836140246,-3.1882811949702905,S,55.94384783614024,-3.1882811949702905,0.0,247.5
55.94384783614024,-3.1882811949702905,S,55.94354783614024,-3.1882811949702905,0.0,246.25
55.94354783614024,-3.1882811949702905,E,55.94354783614024,-3.1879811949702903,104.51013946533203,337.25130462646484
55.94354783614024,-3.1879811949702903,NE,55.9437599681746,-3.1877690629359345,168.52857208251953,381.6162986755371
55.9437599681746,-3.1877690629359345,SE,55.94354783614024,-3.1875569309015788,168.52857208251953,380.3662986755371
55.94354783614024,-3.1875569309015788,SSW,55.943270672280484,-3.1876717359312883,168.52857208251953,379.1162986755371
55.943270672280484,-3.1876717359312883,NNE,55.94354783614024,-3.1875569309015788,220.01628875732422,404.4492588043213
55.94354783614024,-3.1875569309015788,SSE,55.943270672280484,-3.1874421258718693,284.56414794921875,484.68687629699707
55.943270672280484,-3.1874421258718693,SSE,55.94299350842073,-3.1873273208421598,284.56414794921875,483.43687629699707
55.94299350842073,-3.1873273208421598,NE,55.94320564045508,-3.187115188807804,346.8075523376465,492.1183204650879
55.94320564045508,-3.187115188807804,NE,55.94341777248944,-3.186903056773448,346.8075523376465,490.8683204650879
55.94341777248944,-3.186903056773448,ENE,55.94353257751915,-3.186625892913695,346.8075523376465,489.6183204650879
55.94353257751915,-3.186625892913695,NNE,55.94380974137891,-3.1865110878839853,346.8075523376465,488.3683204650879
55.94380974137891,-3.1865110878839853,NE,55.94402187341326,-3.1862989558496295,469.4326591491699,554.5802803039551
55.94402187341326,-3.1862989558496295,SE,55.94380974137891,-3.1860868238152737,513.9029312133789,603.2232284545898
55.94380974137891,-3.1860868238152737,ENE,55.94392454640862,-3.1858096599555203,569.2966003417969,653.0999908447266
55.94392454640862,-3.1858096599555203,E,55.94392454640862,-3.18550965995552,569.2966003417969,651.8499908447266
55.94392454640862,-3.18550965995552,SW,55.94371241437426,-3.185721791989876,569.2966003417969,650.5999908447266
55.94371241437426,-3.185721791989876,S,55.94341241437426,-3.185721791989876,569.2966003417969,649.3499908447266
55.94341241437426,-3.185721791989876,SE,55.9432002823399,-3.18550965995552,569.2966003417969,648.0999908447266
55.9432002823399,-3.18550965995552,SSE,55.942923118480145,-3.1853948549258106,633.2888450622559,713.444206237793
55.942923118480145,-3.1853948549258106,SW,55.94271098644579,-3.1856069869601664,720.8945350646973,724.6854448318481
55.94271098644579,-3.1856069869601664,NNW,55.942988150305546,-3.185721791989876,821.642261505127,840.5822954177856
55.942988150305546,-3.185721791989876,NNE,55.9432653141653,-3.1856069869601664,821.642261505127,839.3322954177856
55.9432653141653,-3.1856069869601664,NNW,55.94354247802506,-3.185721791989876,821.642261505127,838.0822954177856
55.94354247802506,-3.185721791989876,NNE,55.943819641884815,-3.1856069869601664,821.642261505127,836.8322954177856
55.943819641884815,-3.1856069869601664,NNE,55.94409680574457,-3.185492181930457,821.642261505127,835.5822954177856
55.94409680574457,-3.185492181930457,NE,55.94430893777893,-3.185280049896101,821.642261505127,834.3322954177856
55.94430893777893,-3.185280049896101,NNE,55.944586101638684,-3.1851652448663916,821.642261505127,833.0822954177856
55.944586101638684,-3.1851652448663916,ENE,55.944700906668395,-3.1848880810066382,916.9177360534668,892.4125680923462
55.944700906668395,-3.1848880810066382,ESE,55.944586101638684,-3.184610917146885,955.3685493469238,928.8588609695435
55.944586101638684,-3.184610917146885,N,55.94488610163869,-3.184610917146885,965.3580884933472,962.4013605117798
55.94488610163869,-3.184610917146885,WNW,55.9450009066684,-3.1848880810066382,965.3580884933472,961.1513605117798
55.9450009066684,-3.1848880810066382,WNW,55.94511571169811,-3.1851652448663916,965.3580884933472,959.9013605117798
55.94511571169811,-3.1851652448663916,WNW,55.94523051672782,-3.185442408726145,965.3580884933472,958.6513605117798
55.94523051672782,-3.185442408726145,WNW,55.94534532175753,-3.1857195725858984,965.3580884933472,957.4013605117798
55.94534532175753,-3.1857195725858984,NW,55.945557453791885,-3.185931704620254,965.3580884933472,956.1513605117798
55.945557453791885,-3.185931704620254,SW,55.94534532175753,-3.18614383665461,965.3580884933472,954.9013605117798
55.94534532175753,-3.18614383665461,WNW,55.94546012678724,-3.1864210005143634,965.3580884933472,953.6513605117798
55.94546012678724,-3.1864210005143634,NW,55.945672258821595,-3.186633132548719,965.3580884933472,952.4013605117798
55.945672258821595,-3.186633132548719,WSW,55.945557453791885,-3.1869102964084726,1035.356837272644,1003.579815864563
55.945557453791885,-3.1869102964084726,W,55.945557453791885,-3.1872102964084728,1035.356837272644,1002.329815864563
55.945557453791885,-3.1872102964084728,W,55.945557453791885,-3.187510296408473,1035.356837272644,1001.079815864563
55.945557453791885,-3.187510296408473,WSW,55.945442648762175,-3.1877874602682263,1035.356837272644,999.829815864563
55.945442648762175,-3.1877874602682263,W,55.945442648762175,-3.1880874602682265,1035.356837272644,998.579815864563
55.945442648762175,-3.1880874602682265,WSW,55.945327843732464,-3.18836462412798,1035.356837272644,997.329815864563
55.945327843732464,-3.18836462412798,W,55.945327843732464,-3.18866462412798,1035.356837272644,996.079815864563
55.945327843732464,-3.18866462412798,WSW,55.945213038702754,-3.1889417879877335,1035.356837272644,994.829815864563
55.945213038702754,-3.1889417879877335,SSW,55.944935874843,-3.189056593017443,1087.2846021652222,1041.9091844558716
55.944935874843,-3.189056593017443,SW,55.94472374280864,-3.189268725051799,1087.2846021652222,1040.6591844558716
55.94472374280864,-3.189268725051799,NW,55.944935874843,-3.1894808570861546,1129.8282690048218,1131.634991645813
55.944935874843,-3.1894808570861546,W,55.944935874843,-3.1897808570861548,1129.8282690048218,1130.384991645813
55.944935874843,-3.1897808570861548,SSW,55.94465871098324,-3.1898956621158643,1129.8282690048218,1129.134991645813
55.94465871098324,-3.1898956621158643,W,55.94465871098324,-3.1901956621158645,1241.3251943588257,1184.2697038650513
55.94465871098324,-3.1901956621158645,SW,55.944446578948885,-3.1904077941502202,1312.1549367904663,1183.9498294591904
55.944446578948885,-3.1904077941502202,SW,55.94423444691453,-3.190619926184576,1312.1549367904663,1182.6998294591904
55.94423444691453,-3.190619926184576,NW,55.944446578948885,-3.190832058218932,1353.140658378601,1197.2650483846664
55.944446578948885,-3.190832058218932,NW,55.94465871098324,-3.1910441902532876,1353.140658378601,1196.0150483846664
55.94465871098324,-3.1910441902532876,WNW,55.94477351601295,-3.191321354113041,1390.7670278549194,1205.9181817770004
55.94477351601295,-3.191321354113041,NNW,55.94505067987271,-3.1914361591427505,1390.7670278549194,1204.6681817770004
55.94505067987271,-3.1914361591427505,WSW,55.944935874843,-3.191713323002504,1435.8541860580444,1271.9981988668442
55.944935874843,-3.191713323002504,WSW,55.94482106981329,-3.1919904868622573,1435.8541860580444,1270.7481988668442
55.94482106981329,-3.1919904868622573,WSW,55.944706264783576,-3.1922676507220107,1435.8541860580444,1269.4981988668442
55.944706264783576,-3.1922676507220107,SE,55.94449413274922,-3.192055518687655,1544.5352773666382,1301.7014764547348
55.94449413274922,-3.192055518687655,SSE,55.944216968889464,-3.1919407136579454,1544.5352773666382,1300.4514764547348
55.944216968889464,-3.1919407136579454,ESE,55.94410216385975,-3.191663549798192,1544.5352773666382,1299.2014764547348
55.94410216385975,-3.191663549798192,S,55.94380216385975,-3.191663549798192,1666.1851263046265,1330.610457777977
55.94380216385975,-3.191663549798192,ESE,55.94368735883004,-3.1913863859384386,1666.1851263046265,1329.360457777977
55.94368735883004,-3.1913863859384386,ESE,55.94357255380033,-3.191109222078685,1666.1851263046265,1328.110457777977
55.94357255380033,-3.191109222078685,ESE,55.94345774877062,-3.190832058218932,1666.1851263046265,1326.860457777977
55.94345774877062,-3.190832058218932,ESE,55.94334294374091,-3.1905548943591784,1666.1851263046265,1325.610457777977
55.94334294374091,-3.1905548943591784,ESE,55.9432281387112,-3.190277730499425,1666.1851263046265,1324.360457777977
55.9432281387112,-3.190277730499425,SE,55.94301600667684,-3.190065598465069,1776.2552328109741,1347.7242044210434
55.94301600667684,-3.190065598465069,NE,55.9432281387112,-3.1898534664307134,1848.2247228622437,1384.0573457479477
55.9432281387112,-3.1898534664307134,NNE,55.943505302570955,-3.189738661401004,1850.2136418819427,1437.9658616781235
55.943505302570955,-3.189738661401004,ESE,55.943390497541245,-3.1894614975412505,1912.834422826767,1464.2409394979477
55.943390497541245,-3.1894614975412505,SSE,55.94311333368149,-3.189346692511541,1912.834422826767,1462.9909394979477
55.94311333368149,-3.189346692511541,SSE,55.94283616982173,-3.1892318874818315,1912.834422826767,1461.7409394979477
55.94283616982173,-3.1892318874818315,N,55.943136169821734,-3.1892318874818315,1979.0448796749115,1527.4947007894516
55.943136169821734,-3.1892318874818315,N,55.94343616982174,-3.1892318874818315,1979.0448796749115,1526.2447007894516
55.94343616982174,-3.1892318874818315,N,55.94373616982174,-3.1892318874818315,1979.0448796749115,1524.9947007894516
55.94373616982174,-3.1892318874818315,NNW,55.9440133336815,-3.189346692511541,1979.0448796749115,1523.7447007894516
55.9440133336815,-3.189346692511541,N,55.9443133336815,-3.189346692511541,1979.0448796749115,1522.4947007894516
55.9443133336815,-3.189346692511541,NE,55.944525465715856,-3.1891345604771852,1979.0448796749115,1521.2447007894516
55.944525465715856,-3.1891345604771852,NNW,55.94480262957561,-3.1892493655068948,1979.0448796749115,1519.9947007894516
55.94480262957561,-3.1892493655068948,NW,55.94501476160997,-3.1894614975412505,1979.0448796749115,1518.7447007894516
55.94501476160997,-3.1894614975412505,NNW,55.945291925469725,-3.18957630257096,1979.0448796749115,1517.4947007894516
55.945291925469725,-3.18957630257096,NNW,55.94556908932948,-3.1896911076006695,1979.0448796749115,1516.2447007894516
55.94556908932948,-3.1896911076006695,N,55.945869089329484,-3.1896911076006695,1979.0448796749115,1514.9947007894516
55.945869089329484,-3.1896911076006695,W,55.945869089329484,-3.1899911076006697,2037.7755162715912,1575.7003930807114
55.945869089329484,-3.1899911076006697,W,55.945869089329484,-3.19029110760067,2037.7755162715912,1574.4503930807114
55.945869089329484,-3.19029110760067,W,55.945869089329484,-3.19059110760067,2037.7755162715912,1573.2003930807114
55.945869089329484,-3.19059110760067,WNW,55.945983894359195,-3.1908682714604235,2037.7755162715912,1571.9503930807114
55.945983894359195,-3.1908682714604235,W,55.945983894359195,-3.1911682714604237,2037.7755162715912,1570.7003930807114
55.945983894359195,-3.1911682714604237,WNW,55.946098699388905,-3.191445435320177,2037.7755162715912,1569.4503930807114
55.946098699388905,-3.191445435320177,W,55.946098699388905,-3.1917454353201773,2037.7755162715912,1568.2003930807114
55.946098699388905,-3.1917454353201773,WNW,55.946213504418616,-3.1920225991799307,2037.7755162715912,1566.9503930807114
55.946213504418616,-3.1920225991799307,W,55.946213504418616,-3.192322599179931,2070.495212316513,1580.5620683431625
55.946213504418616,-3.192322599179931,S,55.94591350441861,-3.192322599179931,2137.4634511470795,1637.7519792318344
55.94591350441861,-3.192322599179931,NNW,55.94619066827837,-3.1924374042096404,2137.4634511470795,1636.5019792318344
55.94619066827837,-3.1924374042096404,SE,55.94597853624401,-3.1922252721752846,2137.4634511470795,1635.2519792318344
55.94597853624401,-3.1922252721752846,SW,55.94576640420966,-3.1924374042096404,2137.4634511470795,1634.0019792318344
55.94576640420966,-3.1924374042096404,NE,55.94597853624401,-3.1922252721752846,2137.4634511470795,1632.7519792318344
55.94597853624401,-3.1922252721752846,SW,55.94576640420966,-3.1924374042096404,2137.4634511470795,1631.5019792318344
55.94576640420966,-3.1924374042096404,S,55.945466404209654,-3.1924374042096404,2137.4634511470795,1630.2519792318344
55.945466404209654,-3.1924374042096404,S,55.94516640420965,-3.1924374042096404,2137.4634511470795,1629.0019792318344
55.94516640420965,-3.1924374042096404,N,55.945466404209654,-3.1924374042096404,2137.4634511470795,1627.7519792318344
55.945466404209654,-3.1924374042096404,S,55.94516640420965,-3.1924374042096404,2137.4634511470795,1626.5019792318344
55.94516640420965,-3.1924374042096404,N,55.945466404209654,-3.1924374042096404,2137.4634511470795,1625.2519792318344
55.945466404209654,-3.1924374042096404,S,55.94516640420965,-3.1924374042096404,2137.4634511470795,1624.0019792318344
55.94516640420965,-3.1924374042096404,N,55.945466404209654,-3.1924374042096404,2137.4634511470795,1622.7519792318344
55.945466404209654,-3.1924374042096404,S,55.94516640420965,-3.1924374042096404,2137.4634511470795,1621.5019792318344
55.94516640420965,-3.1924374042096404,ESE,55.94505159917994,-3.192160240349887,2137.4634511470795,1620.2519792318344
55.94505159917994,-3.192160240349887,SE,55.944839467145584,-3.191948108315531,2137.4634511470795,1619.0019792318344
55.944839467145584,-3.191948108315531,WNW,55.944954272175295,-3.1922252721752846,2137.4634511470795,1617.7519792318344
55.944954272175295,-3.1922252721752846,E,55.944954272175295,-3.1919252721752844,2137.4634511470795,1616.5019792318344
55.944954272175295,-3.1919252721752844,ESE,55.944839467145584,-3.191648108315531,2137.4634511470795,1615.2519792318344
55.944839467145584,-3.191648108315531,NW,55.94505159917994,-3.191860240349887,2137.4634511470795,1614.0019792318344
55.94505159917994,-3.191860240349887,SE,55.944839467145584,-3.191648108315531,2137.4634511470795,1612.7519792318344
55.944839467145584,-3.191648108315531,NNW,55.94511663100534,-3.1917629133452405,2137.4634511470795,1611.5019792318344
55.94511663100534,-3.1917629133452405,SSE,55.944839467145584,-3.191648108315531,2137.4634511470795,1610.2519792318344
55.944839467145584,-3.191648108315531,SE,55.94462733511123,-3.1914359762811753,2137.4634511470795,1609.0019792318344
55.94462733511123,-3.1914359762811753,NW,55.944839467145584,-3.191648108315531,2137.4634511470795,1607.7519792318344
55.944839467145584,-3.191648108315531,ESE,55.944724662115874,-3.1913709444557776,2137.4634511470795,1606.5019792318344
55.944724662115874,-3.1913709444557776,SE,55.94451253008152,-3.191158812421422,2137.4634511470795,1605.2519792318344
55.94451253008152,-3.191158812421422,NW,55.944724662115874,-3.1913709444557776,2137.4634511470795,1604.0019792318344
55.944724662115874,-3.1913709444557776,SE,55.94451253008152,-3.191158812421422,2137.4634511470795,1602.7519792318344
55.94451253008152,-3.191158812421422,ESE,55.94439772505181,-3.1908816485616684,2137.4634511470795,1601.5019792318344
55.94439772505181,-3.1908816485616684,ENE,55.94451253008152,-3.190604484701915,2137.4634511470795,1600.2519792318344
55.94451253008152,-3.190604484701915,ESE,55.94439772505181,-3.1903273208421616,2137.4634511470795,1599.0019792318344
55.94439772505181,-3.1903273208421616,WNW,55.94451253008152,-3.190604484701915,2137.4634511470795,1597.7519792318344
55.94451253008152,-3.190604484701915,NW,55.944724662115874,-3.190816616736271,2137.4634511470795,1596.5019792318344
55.944724662115874,-3.190816616736271,SE,55.94451253008152,-3.190604484701915,2137.4634511470795,1595.2519792318344
55.94451253008152,-3.190604484701915,ESE,55.94439772505181,-3.1903273208421616,2137.4634511470795,1594.0019792318344
55.94439772505181,-3.1903273208421616,WNW,55.94451253008152,-3.190604484701915,2137.4634511470795,1592.7519792318344
55.94451253008152,-3.190604484701915,ESE,55.94439772505181,-3.1903273208421616,2137.4634511470795,1591.5019792318344
55.94439772505181,-3.1903273208421616,WNW,55.94451253008152,-3.190604484701915,2137.4634511470795,1590.2519792318344
55.94451253008152,-3.190604484701915,ESE,55.94439772505181,-3.1903273208421616,2137.4634511470795,1589.0019792318344
55.94439772505181,-3.1903273208421616,WNW,55.94451253008152,-3.190604484701915,2137.4634511470795,1587.7519792318344
55.94451253008152,-3.190604484701915,ESE,55.94439772505181,-3.1903273208421616,2137.4634511470795,1586.5019792318344
55.94439772505181,-3.1903273208421616,WNW,55.94451253008152,-3.190604484701915,2137.4634511470795,1585.2519792318344
55.94451253008152,-3.190604484701915,ESE,55.94439772505181,-3.1903273208421616,2137.4634511470795,1584.0019792318344
55.94439772505181,-3.1903273208421616,WNW,55.94451253008152,-3.190604484701915,2137.4634511470795,1582.7519792318344
55.94451253008152,-3.190604484701915,NW,55.944724662115874,-3.190816616736271,2137.4634511470795,1581.5019792318344
55.944724662115874,-3.190816616736271,NNW,55.94500182597563,-3.1909314217659803,2137.4634511470795,1580.2519792318344
55.94500182597563,-3.1909314217659803,SSE,55.944724662115874,-3.190816616736271,2137.4634511470795,1579.0019792318344
55.944724662115874,-3.190816616736271,NNW,55.94500182597563,-3.1909314217659803,2137.4634511470795,1577.7519792318344
55.94500182597563,-3.1909314217659803,E,55.94500182597563,-3.19063142176598,2137.4634511470795,1576.5019792318344
55.94500182597563,-3.19063142176598,W,55.94500182597563,-3.1909314217659803,2137.4634511470795,1575.2519792318344
55.94500182597563,-3.1909314217659803,WNW,55.94511663100534,-3.1912085856257337,2137.4634511470795,1574.0019792318344
55.94511663100534,-3.1912085856257337,NW,55.9453287630397,-3.1914207176600895,2137.4634511470795,1572.7519792318344
55.9453287630397,-3.1914207176600895,ESE,55.94521395800999,-3.191143553800336,2137.4634511470795,1571.5019792318344
55.94521395800999,-3.191143553800336,WNW,55.9453287630397,-3.1914207176600895,2137.4634511470795,1570.2519792318344
55.9453287630397,-3.1914207176600895,ESE,55.94521395800999,-3.191143553800336,2137.4634511470795,1569.0019792318344
55.94521395800999,-3.191143553800336,E,55.94521395800999,-3.190843553800336,2137.4634511470795,1567.7519792318344
55.94521395800999,-3.190843553800336,ESE,55.945099152980276,-3.1905663899405825,2137.4634511470795,1566.5019792318344
55.945099152980276,-3.1905663899405825,WSW,55.944984347950566,-3.190843553800336,2137.4634511470795,1565.2519792318344
55.944984347950566,-3.190843553800336,E,55.944984347950566,-3.1905435538003357,2137.4634511470795,1564.0019792318344
55.944984347950566,-3.1905435538003357,WNW,55.945099152980276,-3.190820717660089,2137.4634511470795,1562.7519792318344
55.945099152980276,-3.190820717660089,WNW,55.94521395800999,-3.1910978815198425,2137.4634511470795,1561.5019792318344
55.94521395800999,-3.1910978815198425,WNW,55.9453287630397,-3.191375045379596,2137.4634511470795,1560.2519792318344
55.9453287630397,-3.191375045379596,W,55.9453287630397,-3.191675045379596,2137.4634511470795,1559.0019792318344
55.9453287630397,-3.191675045379596,E,55.9453287630397,-3.191375045379596,2137.4634511470795,1557.7519792318344
55.9453287630397,-3.191375045379596,W,55.9453287630397,-3.191675045379596,2137.4634511470795,1556.5019792318344
55.9453287630397,-3.191675045379596,E,55.9453287630397,-3.191375045379596,2137.4634511470795,1555.2519792318344
55.9453287630397,-3.191375045379596,ESE,55.94521395800999,-3.1910978815198425,2137.4634511470795,1554.0019792318344
55.94521395800999,-3.1910978815198425,SE,55.94500182597563,-3.1908857494854868,2137.4634511470795,1552.7519792318344
55.94500182597563,-3.1908857494854868,E,55.94500182597563,-3.1905857494854866,2137.4634511470795,1551.5019792318344
55.94500182597563,-3.1905857494854866,E,55.94500182597563,-3.1902857494854864,2137.4634511470795,1550.2519792318344
55.94500182597563,-3.1902857494854864,E,55.94500182597563,-3.189985749485486,2137.4634511470795,1549.0019792318344
55.94500182597563,-3.189985749485486,W,55.94500182597563,-3.1902857494854864,2137.4634511470795,1547.7519792318344
55.94500182597563,-3.1902857494854864,ESE,55.94488702094592,-3.190008585625733,2137.4634511470795,1546.5019792318344
55.94488702094592,-3.190008585625733,SSW,55.944609857086164,-3.1901233906554425,2137.4634511470795,1545.2519792318344
55.944609857086164,-3.1901233906554425,NE,55.94482198912052,-3.1899112586210867,2137.4634511470795,1544.0019792318344
55.94482198912052,-3.1899112586210867,SW,55.944609857086164,-3.1901233906554425,2137.4634511470795,1542.7519792318344
55.944609857086164,-3.1901233906554425,NE,55.94482198912052,-3.1899112586210867,2137.4634511470795,1541.5019792318344
55.94482198912052,-3.1899112586210867,WNW,55.94493679415023,-3.19018842248084,2137.4634511470795,1540.2519792318344
55.94493679415023,-3.19018842248084,ENE,55.94505159917994,-3.1899112586210867,2137.4634511470795,1539.0019792318344
55.94505159917994,-3.1899112586210867,S,55.94475159917994,-3.1899112586210867,2137.4634511470795,1537.7519792318344
55.94475159917994,-3.1899112586210867,ENE,55.94486640420965,-3.1896340947613333,2137.4634511470795,1536.5019792318344
55.94486640420965,-3.1896340947613333,E,55.94486640420965,-3.189334094761333,2137.4634511470795,1535.2519792318344
55.94486640420965,-3.189334094761333,ESE,55.94475159917994,-3.1890569309015797,2137.4634511470795,1534.0019792318344
55.94475159917994,-3.1890569309015797,WNW,55.94486640420965,-3.189334094761333,2137.4634511470795,1532.7519792318344
55.94486640420965,-3.189334094761333,W,55.94486640420965,-3.1896340947613333,2137.4634511470795,1531.5019792318344
55.94486640420965,-3.1896340947613333,WNW,55.94498120923936,-3.1899112586210867,2137.4634511470795,1530.2519792318344
55.94498120923936,-3.1899112586210867,SSW,55.9447040453796,-3.190026063650796,2137.4634511470795,1529.0019792318344
55.9447040453796,-3.190026063650796,NE,55.94491617741396,-3.1898139316164404,2137.4634511470795,1527.7519792318344
55.94491617741396,-3.1898139316164404,E,55.94491617741396,-3.1895139316164403,2137.4634511470795,1526.5019792318344
55.94491617741396,-3.1895139316164403,W,55.94491617741396,-3.1898139316164404,2137.4634511470795,1525.2519792318344
55.94491617741396,-3.1898139316164404,E,55.94491617741396,-3.1895139316164403,2137.4634511470795,1524.0019792318344
55.94491617741396,-3.1895139316164403,ESE,55.94480137238425,-3.189236767756687,2137.4634511470795,1522.7519792318344
55.94480137238425,-3.189236767756687,SSE,55.94452420852449,-3.1891219627269773,2137.4634511470795,1521.5019792318344
55.94452420852449,-3.1891219627269773,ESE,55.94440940349478,-3.188844798867224,2137.4634511470795,1520.2519792318344
55.94440940349478,-3.188844798867224,E,55.94440940349478,-3.1885447988672238,2137.4634511470795,1519.0019792318344
55.94440940349478,-3.1885447988672238,WSW,55.94429459846507,-3.188821962726977,2137.4634511470795,1517.7519792318344
55.94429459846507,-3.188821962726977,ENE,55.94440940349478,-3.1885447988672238,2137.4634511470795,1516.5019792318344
55.94440940349478,-3.1885447988672238,WNW,55.94452420852449,-3.188821962726977,2137.4634511470795,1515.2519792318344
55.94452420852449,-3.188821962726977,SW,55.944312076490135,-3.189034094761333,2137.4634511470795,1514.0019792318344
55.944312076490135,-3.189034094761333,W,55.944312076490135,-3.189334094761333,2137.4634511470795,1512.7519792318344
55.944312076490135,-3.189334094761333,W,55.944312076490135,-3.1896340947613333,2137.4634511470795,1511.5019792318344
55.944312076490135,-3.1896340947613333,SW,55.94409994445578,-3.189846226795689,2137.4634511470795,1510.2519792318344
55.94409994445578,-3.189846226795689,E,55.94409994445578,-3.189546226795689,2137.4634511470795,1509.0019792318344
55.94409994445578,-3.189546226795689,E,55.94409994445578,-3.1892462267956887,2137.4634511470795,1507.7519792318344
55.94409994445578,-3.1892462267956887,N,55.94439994445578,-3.1892462267956887,2137.4634511470795,1506.5019792318344
55.94439994445578,-3.1892462267956887,E,55.94439994445578,-3.1889462267956885,2137.4634511470795,1505.2519792318344
55.94439994445578,-3.1889462267956885,E,55.94439994445578,-3.1886462267956883,2137.4634511470795,1504.0019792318344
55.94439994445578,-3.1886462267956883,NNE,55.94467710831554,-3.188531421765979,2137.4634511470795,1502.7519792318344
55.94467710831554,-3.188531421765979,W,55.94467710831554,-3.188831421765979,2137.4634511470795,1501.5019792318344
55.94467710831554,-3.188831421765979,ESE,55.94456230328583,-3.1885542579062256,2137.4634511470795,1500.2519792318344
55.94456230328583,-3.1885542579062256,NE,55.944774435320184,-3.18834212587187,2137.4634511470795,1499.0019792318344
55.944774435320184,-3.18834212587187,W,55.944774435320184,-3.18864212587187,2137.4634511470795,1497.7519792318344
55.944774435320184,-3.18864212587187,W,55.944774435320184,-3.18894212587187,2137.4634511470795,1496.5019792318344
55.944774435320184,-3.18894212587187,ESE,55.944659630290474,-3.188664962012117,2137.4634511470795,1495.2519792318344
55.944659630290474,-3.188664962012117,SSE,55.94438246643072,-3.1885501569824073,2137.4634511470795,1494.0019792318344
55.94438246643072,-3.1885501569824073,SE,55.94417033439636,-3.1883380249480515,2137.4634511470795,1492.7519792318344
55.94417033439636,-3.1883380249480515,NW,55.94438246643072,-3.1885501569824073,2137.4634511470795,1491.5019792318344
55.94438246643072,-3.1885501569824073,WSW,55.94426766140101,-3.1888273208421607,2137.4634511470795,1490.2519792318344
55.94426766140101,-3.1888273208421607,NNW,55.94454482526076,-3.18894212587187,2137.4634511470795,1489.0019792318344
55.94454482526076,-3.18894212587187,ESE,55.94443002023105,-3.188664962012117,2137.4634511470795,1487.7519792318344
55.94443002023105,-3.188664962012117,SW,55.9442178881967,-3.1888770940464726,2137.4634511470795,1486.5019792318344
55.9442178881967,-3.1888770940464726,NE,55.94443002023105,-3.188664962012117,2137.4634511470795,1485.2519792318344
55.94443002023105,-3.188664962012117,NNW,55.94470718409081,-3.1887797670418263,2137.4634511470795,1484.0019792318344
55.94470718409081,-3.1887797670418263,E,55.94470718409081,-3.188479767041826,2137.4634511470795,1482.7519792318344
55.94470718409081,-3.188479767041826,NW,55.944919316125166,-3.188691899076182,2137.4634511470795,1481.5019792318344
55.944919316125166,-3.188691899076182,ESE,55.944804511095455,-3.1884147352164285,2137.4634511470795,1480.2519792318344
55.944804511095455,-3.1884147352164285,ESE,55.944689706065745,-3.188137571356675,2137.4634511470795,1479.0019792318344
55.944689706065745,-3.188137571356675,ESE,55.944574901036034,-3.1878604074969217,2137.4634511470795,1477.7519792318344
55.944574901036034,-3.1878604074969217,SSW,55.94429773717628,-3.187975212526631,2137.4634511470795,1476.5019792318344
55.94429773717628,-3.187975212526631,N,55.94459773717628,-3.187975212526631,2137.4634511470795,1475.2519792318344
55.94459773717628,-3.187975212526631,WNW,55.94471254220599,-3.1882523763863846,2137.4634511470795,1474.0019792318344
55.94471254220599,-3.1882523763863846,WSW,55.94459773717628,-3.188529540246138,2137.4634511470795,1472.7519792318344
55.94459773717628,-3.188529540246138,ENE,55.94471254220599,-3.1882523763863846,2137.4634511470795,1471.5019792318344
55.94471254220599,-3.1882523763863846,ESE,55.94459773717628,-3.187975212526631,2137.4634511470795,1470.2519792318344
55.94459773717628,-3.187975212526631,WNW,55.94471254220599,-3.1882523763863846,2137.4634511470795,1469.0019792318344
55.94471254220599,-3.1882523763863846,ESE,55.94459773717628,-3.187975212526631,2137.4634511470795,1467.7519792318344
55.94459773717628,-3.187975212526631,WNW,55.94471254220599,-3.1882523763863846,2137.4634511470795,1466.5019792318344
55.94471254220599,-3.1882523763863846,W,55.94471254220599,-3.188552376386385,2137.4634511470795,1465.2519792318344
55.94471254220599,-3.188552376386385,SW,55.944500410171635,-3.1887645084207406,2137.4634511470795,1464.0019792318344
55.944500410171635,-3.1887645084207406,ENE,55.944615215201345,-3.188487344560987,2137.4634511470795,1462.7519792318344
55.944615215201345,-3.188487344560987,W,55.944615215201345,-3.1887873445609873,2137.4634511470795,1461.5019792318344
55.944615215201345,-3.1887873445609873,ESE,55.944500410171635,-3.188510180701234,2137.4634511470795,1460.2519792318344
55.944500410171635,-3.188510180701234,W,55.944500410171635,-3.188810180701234,2137.4634511470795,1459.0019792318344
55.944500410171635,-3.188810180701234,E,55.944500410171635,-3.188510180701234,2137.4634511470795,1457.7519792318344
55.944500410171635,-3.188510180701234,NE,55.94471254220599,-3.188298048666878,2137.4634511470795,1456.5019792318344
55.94471254220599,-3.188298048666878,W,55.94471254220599,-3.1885980486668783,2137.4634511470795,1455.2519792318344
55.94471254220599,-3.1885980486668783,E,55.94471254220599,-3.188298048666878,2137.4634511470795,1454.0019792318344
55.94471254220599,-3.188298048666878,W,55.94471254220599,-3.1885980486668783,2137.4634511470795,1452.7519792318344
55.94471254220599,-3.1885980486668783,E,55.94471254220599,-3.188298048666878,2137.4634511470795,1451.5019792318344
55.94471254220599,-3.188298048666878,W,55.94471254220599,-3.1885980486668783,2137.4634511470795,1450.2519792318344

