55.944425,-3.188396,NNW,55.94470216385976,-3.1885108050297095,0.0,248.75
55.94470216385976,-3.1885108050297095,NNE,55.944979327719516,-3.188396,0.0,247.5
55.944979327719516,-3.188396,E,55.944979327719516,-3.188096,0.0,246.25
55.944979327719516,-3.188096,SSE,55.94470216385976,-3.1879811949702903,0.0,245.0
55.94470216385976,-3.1879811949702903,SW,55.9444900318254,-3.188193327004646,0.0,243.75
55.9444900318254,-3.188193327004646,E,55.9444900318254,-3.187893327004646,0.0,242.5
55.9444900318254,-3.187893327004646,W,55.9444900318254,-3.188193327004646,0.0,241.25
55.9444900318254,-3.188193327004646,WSW,55.94437522679569,-3.1884704908643995,0.0,240.0
55.94437522679569,-3.1884704908643995,SE,55.944163094761336,-3.1882583588300437,0.0,238.75
55.944163094761336,-3.1882583588300437,N,55.94446309476134,-3.1882583588300437,0.0,237.5
55.94446309476134,-3.1882583588300437,NNW,55.944740258621096,-3.1883731638597532,0.0,236.25
55.944740258621096,-3.1883731638597532,E,55.944740258621096,-3.188073163859753,0.0,235.0
55.944740258621096,-3.188073163859753,SW,55.94452812658674,-3.188285295894109,0.0,233.75
55.94452812658674,-3.188285295894109,SE,55.94431599455238,-3.188073163859753,0.0,232.5
55.94431599455238,-3.188073163859753,ENE,55.94443079958209,-3.1877959999999996,0.0,231.25
55.94443079958209,-3.1877959999999996,SSW,55.94415363572234,-3.187910805029709,0.0,230.0
55.94415363572234,-3.187910805029709,SSW,55.94387647186258,-3.1880256100594186,0.0,228.75
55.94387647186258,-3.1880256100594186,ESE,55.94376166683287,-3.1877484461996652,0.0,227.5
55.94376166683287,-3.1877484461996652,NW,55.943973798867226,-3.187960578234021,0.0,226.25
55.943973798867226,-3.187960578234021,W,55.943973798867226,-3.188260578234021,0.0,225.0
55.943973798867226,-3.188260578234021,S,55.94367379886722,-3.188260578234021,0.0,223.75
55.94367379886722,-3.188260578234021,NW,55.94388593090158,-3.188472710268377,0.0,222.5
55.94388593090158,-3.188472710268377,SW,55.94367379886722,-3.1886848423027327,0.0,221.25
55.94367379886722,-3.1886848423027327,WSW,55.94355899383751,-3.188962006162486,0.0,220.0
55.94355899383751,-3.188962006162486,S,55.94325899383751,-3.188962006162486,0.0,218.75
55.94325899383751,-3.188962006162486,WSW,55.9431441888078,-3.1892391700222396,0.0,217.5
55.9431441888078,-3.1892391700222396,NE,55.943356320842156,-3.189027037987884,0.0,216.25
55.943356320842156,-3.189027037987884,SSW,55.9430791569824,-3.1891418430175933,0.0,215.0
55.9430791569824,-3.1891418430175933,NE,55.943291289016756,-3.1889297109832375,0.0,213.75
55.943291289016756,-3.1889297109832375,SE,55.9430791569824,-3.1887175789488817,0.0,212.5
55.9430791569824,-3.1887175789488817,ESE,55.94296435195269,-3.1884404150891283,0.0,211.25
55.94296435195269,-3.1884404150891283,NE,55.943176483987045,-3.1882282830547726,0.0,210.0
55.943176483987045,-3.1882282830547726,SSW,55.94289932012729,-3.188343088084482,0.0,208.75
55.94289932012729,-3.188343088084482,N,55.94319932012729,-3.188343088084482,0.0,207.5
55.94319932012729,-3.188343088084482,N,55.943499320127295,-3.188343088084482,0.0,206.25
55.943499320127295,-3.188343088084482,E,55.943499320127295,-3.188043088084482,0.0,205.0
55.943499320127295,-3.188043088084482,SSE,55.94322215626754,-3.1879282830547724,0.0,203.75
55.94322215626754,-3.1879282830547724,SSE,55.94294499240778,-3.187813478025063,0.0,202.5
55.94294499240778,-3.187813478025063,N,55.943244992407784,-3.187813478025063,0.0,201.25
55.943244992407784,-3.187813478025063,SSW,55.94296782854803,-3.1879282830547724,75.62322235107422,214.7240810394287
55.94296782854803,-3.1879282830547724,NW,55.943179960582384,-3.188140415089128,75.62322235107422,213.4740810394287
55.943179960582384,-3.188140415089128,NNE,55.94345712444214,-3.1880256100594186,75.62322235107422,212.2240810394287
55.94345712444214,-3.1880256100594186,ENE,55.94357192947185,-3.1877484461996652,75.62322235107422,210.9740810394287
55.94357192947185,-3.1877484461996652,N,55.943871929471854,-3.1877484461996652,75.62322235107422,209.7240810394287
55.943871929471854,-3.1877484461996652,NNW,55.94414909333161,-3.1878632512293748,197.02526092529297,257.07391929626465
55.94414909333161,-3.1878632512293748,WSW,55.9440342883019,-3.188140415089128,197.02526092529297,255.82391929626465
55.9440342883019,-3.188140415089128,NE,55.944246420336256,-3.1879282830547724,197.02526092529297,254.57391929626465
55.944246420336256,-3.1879282830547724,N,55.94454642033626,-3.1879282830547724,197.02526092529297,253.32391929626465
55.94454642033626,-3.1879282830547724,S,55.944246420336256,-3.1879282830547724,197.02526092529297,252.07391929626465
55.944246420336256,-3.1879282830547724,NNW,55.94452358419601,-3.188043088084482,197.02526092529297,250.82391929626465
55.94452358419601,-3.188043088084482,SE,55.94431145216166,-3.187830956050126,197.02526092529297,249.57391929626465
55.94431145216166,-3.187830956050126,N,55.94461145216166,-3.187830956050126,197.02526092529297,248.32391929626465
55.94461145216166,-3.187830956050126,S,55.94431145216166,-3.187830956050126,197.02526092529297,247.07391929626465
55.94431145216166,-3.187830956050126,WNW,55.94442625719137,-3.1881081199098795,197.02526092529297,245.82391929626465
55.94442625719137,-3.1881081199098795,W,55.94442625719137,-3.1884081199098797,197.02526092529297,244.57391929626465
55.94442625719137,-3.1884081199098797,SE,55.94421412515701,-3.188195987875524,197.02526092529297,243.32391929626465
55.94421412515701,-3.188195987875524,ENE,55.94432893018672,-3.1879188240157705,197.02526092529297,242.07391929626465
55.94432893018672,-3.1879188240157705,NW,55.94454106222108,-3.1881309560501263,197.02526092529297,240.82391929626465
55.94454106222108,-3.1881309560501263,E,55.94454106222108,-3.187830956050126,197.02526092529297,239.57391929626465
55.94454106222108,-3.187830956050126,NE,55.94475319425543,-3.1876188240157703,197.02526092529297,238.32391929626465
55.94475319425543,-3.1876188240157703,E,55.94475319425543,-3.18731882401577,197.02526092529297,237.07391929626465
55.94475319425543,-3.18731882401577,SE,55.94454106222108,-3.1871066919814144,197.02526092529297,235.82391929626465
55.94454106222108,-3.1871066919814144,SE,55.94432893018672,-3.1868945599470586,197.02526092529297,234.57391929626465
55.94432893018672,-3.1868945599470586,NNE,55.94460609404648,-3.186779754917349,197.02526092529297,233.32391929626465
55.94460609404648,-3.186779754917349,S,55.944306094046475,-3.186779754917349,197.02526092529297,232.07391929626465
55.944306094046475,-3.186779754917349,NE,55.94451822608083,-3.1865676228829933,197.02526092529297,230.82391929626465
55.94451822608083,-3.1865676228829933,N,55.944818226080834,-3.1865676228829933,197.02526092529297,229.57391929626465
55.944818226080834,-3.1865676228829933,ENE,55.944933031110544,-3.18629045902324,246.3269500732422,269.2942295074463
55.944933031110544,-3.18629045902324,NNW,55.9452101949703,-3.1864052640529494,246.3269500732422,268.0442295074463
55.9452101949703,-3.1864052640529494,NE,55.94542232700466,-3.1861931320185937,246.3269500732422,266.7942295074463
55.94542232700466,-3.1861931320185937,ESE,55.94530752197495,-3.1859159681588403,246.3269500732422,265.5442295074463
55.94530752197495,-3.1859159681588403,WNW,55.94542232700466,-3.1861931320185937,246.3269500732422,264.2942295074463
55.94542232700466,-3.1861931320185937,E,55.94542232700466,-3.1858931320185935,246.3269500732422,263.0442295074463
55.94542232700466,-3.1858931320185935,SSW,55.9451451631449,-3.186007937048303,246.3269500732422,261.7942295074463
55.9451451631449,-3.186007937048303,N,55.9454451631449,-3.186007937048303,246.3269500732422,260.5442295074463
55.9454451631449,-3.186007937048303,N,55.945745163144906,-3.186007937048303,301.9011039733887,312.9585475921631
55.945745163144906,-3.186007937048303,SW,55.94553303111055,-3.1862200690826588,301.9011039733887,311.7085475921631
55.94553303111055,-3.1862200690826588,W,55.94553303111055,-3.186520069082659,301.9011039733887,310.4585475921631
55.94553303111055,-3.186520069082659,NE,55.945745163144906,-3.186307937048303,301.9011039733887,309.2085475921631
55.945745163144906,-3.186307937048303,N,55.94604516314491,-3.186307937048303,301.9011039733887,307.9585475921631
55.94604516314491,-3.186307937048303,WSW,55.9459303581152,-3.1865851009080566,372.0709648132324,308.23712599277496
55.9459303581152,-3.1865851009080566,SSE,55.94565319425544,-3.186470295878347,372.0709648132324,306.98712599277496
55.94565319425544,-3.186470295878347,WNW,55.94576799928515,-3.1867474597381005,372.0709648132324,305.73712599277496
55.94576799928515,-3.1867474597381005,NNE,55.94604516314491,-3.186632654708391,372.0709648132324,304.48712599277496
55.94604516314491,-3.186632654708391,WNW,55.94615996817462,-3.1869098185681444,372.0709648132324,303.23712599277496
55.94615996817462,-3.1869098185681444,SW,55.94594783614026,-3.1871219506025,372.0709648132324,301.98712599277496
55.94594783614026,-3.1871219506025,W,55.94594783614026,-3.1874219506025003,372.0709648132324,300.73712599277496
55.94594783614026,-3.1874219506025003,SE,55.94573570410591,-3.1872098185681446,372.0709648132324,299.48712599277496
55.94573570410591,-3.1872098185681446,N,55.94603570410591,-3.1872098185681446,372.0709648132324,298.23712599277496
55.94603570410591,-3.1872098185681446,SSW,55.94575854024615,-3.187324623597854,386.49821758270264,327.7260442972183
55.94575854024615,-3.187324623597854,WNW,55.945873345275864,-3.1876017874576075,386.49821758270264,326.4760442972183
55.945873345275864,-3.1876017874576075,SW,55.94566121324151,-3.1878139194919632,386.49821758270264,325.2260442972183
55.94566121324151,-3.1878139194919632,ESE,55.9455464082118,-3.18753675563221,386.49821758270264,323.9760442972183
55.9455464082118,-3.18753675563221,ENE,55.94566121324151,-3.1872595917724564,386.49821758270264,322.7260442972183
55.94566121324151,-3.1872595917724564,SW,55.94544908120715,-3.187471723806812,386.49821758270264,321.4760442972183
55.94544908120715,-3.187471723806812,E,55.94544908120715,-3.187171723806812,386.49821758270264,320.2260442972183
55.94544908120715,-3.187171723806812,WSW,55.94533427617744,-3.1874488876665654,386.49821758270264,318.9760442972183
55.94533427617744,-3.1874488876665654,SE,55.945122144143085,-3.1872367556322097,386.49821758270264,317.7260442972183
55.945122144143085,-3.1872367556322097,SW,55.94491001210873,-3.1874488876665654,386.49821758270264,316.4760442972183
55.94491001210873,-3.1874488876665654,E,55.94491001210873,-3.1871488876665652,386.49821758270264,315.2260442972183
55.94491001210873,-3.1871488876665652,S,55.944610012108726,-3.1871488876665652,386.49821758270264,313.9760442972183
55.944610012108726,-3.1871488876665652,NNW,55.94488717596848,-3.1872636926962747,386.49821758270264,312.7260442972183
55.94488717596848,-3.1872636926962747,SE,55.944675043934126,-3.187051560661919,386.49821758270264,311.4760442972183
55.944675043934126,-3.187051560661919,SSW,55.94439788007437,-3.1871663656916285,386.49821758270264,310.2260442972183
55.94439788007437,-3.1871663656916285,WSW,55.94428307504466,-3.187443529551382,386.49821758270264,308.9760442972183
55.94428307504466,-3.187443529551382,E,55.94428307504466,-3.1871435295513817,386.49821758270264,307.7260442972183
55.94428307504466,-3.1871435295513817,WSW,55.94416827001495,-3.187420693411135,386.49821758270264,306.4760442972183
55.94416827001495,-3.187420693411135,W,55.94416827001495,-3.1877206934111353,386.49821758270264,305.2260442972183
55.94416827001495,-3.1877206934111353,WNW,55.94428307504466,-3.1879978572708887,386.49821758270264,303.9760442972183
55.94428307504466,-3.1879978572708887,SW,55.9440709430103,-3.1882099893052445,386.49821758270264,302.7260442972183
55.9440709430103,-3.1882099893052445,E,55.9440709430103,-3.1879099893052443,386.49821758270264,301.4760442972183
55.9440709430103,-3.1879099893052443,ENE,55.94418574804001,-3.187632825445491,386.49821758270264,300.2260442972183
55.94418574804001,-3.187632825445491,N,55.944485748040016,-3.187632825445491,386.49821758270264,298.9760442972183
55.944485748040016,-3.187632825445491,SSE,55.94420858418026,-3.1875180204157814,386.49821758270264,297.7260442972183
55.94420858418026,-3.1875180204157814,N,55.94450858418026,-3.1875180204157814,386.49821758270264,296.4760442972183
55.94450858418026,-3.1875180204157814,SSW,55.944231420320506,-3.187632825445491,386.49821758270264,295.2260442972183
55.944231420320506,-3.187632825445491,SW,55.94401928828615,-3.1878449574798466,386.49821758270264,293.9760442972183
55.94401928828615,-3.1878449574798466,NNE,55.944296452145906,-3.187730152450137,386.49821758270264,292.7260442972183
55.944296452145906,-3.187730152450137,SW,55.94408432011155,-3.187942284484493,386.49821758270264,291.4760442972183
55.94408432011155,-3.187942284484493,SW,55.943872188077194,-3.1881544165188487,386.49821758270264,290.2260442972183
55.943872188077194,-3.1881544165188487,ENE,55.943986993106904,-3.1878772526590953,386.49821758270264,288.9760442972183
55.943986993106904,-3.1878772526590953,W,55.943986993106904,-3.1881772526590955,386.49821758270264,287.7260442972183
55.943986993106904,-3.1881772526590955,E,55.943986993106904,-3.1878772526590953,386.49821758270264,286.4760442972183
55.943986993106904,-3.1878772526590953,W,55.943986993106904,-3.1881772526590955,386.49821758270264,285.2260442972183
55.943986993106904,-3.1881772526590955,SSE,55.94370982924715,-3.188062447629386,386.49821758270264,283.9760442972183
55.94370982924715,-3.188062447629386,NW,55.943921961281504,-3.1882745796637417,386.49821758270264,282.7260442972183
55.943921961281504,-3.1882745796637417,W,55.943921961281504,-3.188574579663742,386.49821758270264,281.4760442972183
55.943921961281504,-3.188574579663742,SSW,55.94364479742175,-3.1886893846934514,386.49821758270264,280.2260442972183
55.94364479742175,-3.1886893846934514,WSW,55.94352999239204,-3.188966548553205,386.49821758270264,278.9760442972183
55.94352999239204,-3.188966548553205,NNE,55.94380715625179,-3.1888517435234953,386.49821758270264,277.7260442972183
55.94380715625179,-3.1888517435234953,N,55.944107156251796,-3.1888517435234953,386.49821758270264,276.4760442972183
55.944107156251796,-3.1888517435234953,NW,55.94431928828615,-3.189063875557851,386.49821758270264,275.2260442972183
55.94431928828615,-3.189063875557851,NW,55.94453142032051,-3.189276007592207,386.49821758270264,273.9760442972183
55.94453142032051,-3.189276007592207,SSW,55.94425425646075,-3.1893908126219164,386.49821758270264,272.7260442972183
55.94425425646075,-3.1893908126219164,N,55.944554256460755,-3.1893908126219164,386.49821758270264,271.4760442972183
55.944554256460755,-3.1893908126219164,S,55.94425425646075,-3.1893908126219164,386.49821758270264,270.2260442972183
55.94425425646075,-3.1893908126219164,SSE,55.943977092600996,-3.189276007592207,386.49821758270264,268.9760442972183
55.943977092600996,-3.189276007592207,WNW,55.944091897630706,-3.1895531714519603,386.49821758270264,267.7260442972183
55.944091897630706,-3.1895531714519603,NNW,55.94436906149046,-3.1896679764816698,386.49821758270264,266.4760442972183
55.94436906149046,-3.1896679764816698,W,55.94436906149046,-3.18996797648167,386.49821758270264,265.2260442972183
55.94436906149046,-3.18996797648167,NW,55.94458119352482,-3.1901801085160257,386.49821758270264,263.9760442972183
55.94458119352482,-3.1901801085160257,E,55.94458119352482,-3.1898801085160255,386.49821758270264,262.7260442972183
55.94458119352482,-3.1898801085160255,N,55.94488119352482,-3.1898801085160255,386.49821758270264,261.4760442972183
55.94488119352482,-3.1898801085160255,S,55.94458119352482,-3.1898801085160255,395.41971492767334,267.2826396226883
55.94458119352482,-3.1898801085160255,SSW,55.94430402966506,-3.189994913545735,395.41971492767334,266.0326396226883
55.94430402966506,-3.189994913545735,ESE,55.94418922463535,-3.1897177496859817,395.41971492767334,264.7826396226883
55.94418922463535,-3.1897177496859817,N,55.944489224635355,-3.1897177496859817,395.41971492767334,263.5326396226883
55.944489224635355,-3.1897177496859817,SE,55.944277092601,-3.189505617651626,395.41971492767334,262.2826396226883
55.944277092601,-3.189505617651626,NNE,55.944554256460755,-3.1893908126219164,395.41971492767334,261.0326396226883
55.944554256460755,-3.1893908126219164,W,55.944554256460755,-3.1896908126219166,395.41971492767334,259.7826396226883
55.944554256460755,-3.1896908126219166,NNW,55.94483142032051,-3.189805617651626,395.41971492767334,258.5326396226883
55.94483142032051,-3.189805617651626,W,55.94483142032051,-3.1901056176516263,395.41971492767334,257.2826396226883
55.94483142032051,-3.1901056176516263,SSE,55.944554256460755,-3.1899908126219167,395.41971492767334,256.0326396226883
55.944554256460755,-3.1899908126219167,S,55.94425425646075,-3.1899908126219167,395.41971492767334,254.7826396226883
55.94425425646075,-3.1899908126219167,N,55.944554256460755,-3.1899908126219167,395.41971492767334,253.5326396226883
55.944554256460755,-3.1899908126219167,W,55.944554256460755,-3.190290812621917,395.41971492767334,252.2826396226883
55.944554256460755,-3.190290812621917,NE,55.94476638849511,-3.190078680587561,395.41971492767334,251.0326396226883
55.94476638849511,-3.190078680587561,WNW,55.94488119352482,-3.1903558444473146,395.41971492767334,249.7826396226883
55.94488119352482,-3.1903558444473146,N,55.945181193524824,-3.1903558444473146,395.41971492767334,248.5326396226883
55.945181193524824,-3.1903558444473146,N,55.94548119352483,-3.1903558444473146,406.7643413543701,316.1541072130203
55.94548119352483,-3.1903558444473146,ESE,55.94536638849512,-3.190078680587561,524.964879989624,377.39726746082306
55.94536638849512,-3.190078680587561,ENE,55.94548119352483,-3.1898015167278078,524.964879989624,376.14726746082306
55.94548119352483,-3.1898015167278078,SW,55.94526906149047,-3.1900136487621635,524.964879989624,374.89726746082306
55.94526906149047,-3.1900136487621635,N,55.945569061490474,-3.1900136487621635,524.964879989624,373.64726746082306
55.945569061490474,-3.1900136487621635,N,55.94586906149048,-3.1900136487621635,528.0113863945007,422.5224391222
55.94586906149048,-3.1900136487621635,SE,55.94565692945612,-3.1898015167278078,568.8531451225281,488.8561030626297
55.94565692945612,-3.1898015167278078,ESE,55.94554212442641,-3.1895243528680544,568.8531451225281,487.6061030626297
55.94554212442641,-3.1895243528680544,N,55.94584212442641,-3.1895243528680544,568.8531451225281,486.3561030626297
55.94584212442641,-3.1895243528680544,WSW,55.9457273193967,-3.1898015167278078,661.350429058075,591.3168956041336
55.9457273193967,-3.1898015167278078,SSE,55.945450155536946,-3.1896867116980983,661.350429058075,590.0668956041336
55.945450155536946,-3.1896867116980983,E,55.945450155536946,-3.189386711698098,661.350429058075,588.8168956041336
55.945450155536946,-3.189386711698098,NE,55.9456622875713,-3.1891745796637423,661.350429058075,587.5668956041336
55.9456622875713,-3.1891745796637423,SW,55.945450155536946,-3.189386711698098,661.350429058075,586.3168956041336
55.945450155536946,-3.189386711698098,S,55.94515015553694,-3.189386711698098,661.350429058075,585.0668956041336
55.94515015553694,-3.189386711698098,ESE,55.94503535050723,-3.1891095478383447,661.350429058075,583.8168956041336
55.94503535050723,-3.1891095478383447,S,55.94473535050723,-3.1891095478383447,661.350429058075,582.5668956041336
55.94473535050723,-3.1891095478383447,S,55.94443535050723,-3.1891095478383447,661.350429058075,581.3168956041336
55.94443535050723,-3.1891095478383447,WNW,55.94455015553694,-3.189386711698098,661.350429058075,580.0668956041336
55.94455015553694,-3.189386711698098,NW,55.944762287571294,-3.189598843732454,661.350429058075,578.8168956041336
55.944762287571294,-3.189598843732454,WSW,55.94464748254158,-3.1898760075922072,661.350429058075,577.5668956041336
55.94464748254158,-3.1898760075922072,S,55.94434748254158,-3.1898760075922072,661.350429058075,576.3168956041336
55.94434748254158,-3.1898760075922072,SE,55.944135350507224,-3.1896638755578515,661.350429058075,575.0668956041336
55.944135350507224,-3.1896638755578515,WNW,55.944250155536935,-3.189941039417605,661.350429058075,573.8168956041336
55.944250155536935,-3.189941039417605,NNE,55.94452731939669,-3.1898262343878954,661.350429058075,572.5668956041336
55.94452731939669,-3.1898262343878954,N,55.944827319396694,-3.1898262343878954,661.350429058075,571.3168956041336
55.944827319396694,-3.1898262343878954,ENE,55.944942124426404,-3.189549070528142,661.350429058075,570.0668956041336
55.944942124426404,-3.189549070528142,WSW,55.944827319396694,-3.1898262343878954,661.350429058075,568.8168956041336
55.944827319396694,-3.1898262343878954,SSE,55.94455015553694,-3.189711429358186,661.350429058075,567.5668956041336
55.94455015553694,-3.189711429358186,WSW,55.94443535050723,-3.1899885932179393,661.350429058075,566.3168956041336
55.94443535050723,-3.1899885932179393,WNW,55.94455015553694,-3.1902657570776927,661.350429058075,565.0668956041336
55.94455015553694,-3.1902657570776927,NW,55.944762287571294,-3.1904778891120484,661.350429058075,563.8168956041336
55.944762287571294,-3.1904778891120484,ENE,55.944877092601004,-3.190200725252295,661.350429058075,562.5668956041336
55.944877092601004,-3.190200725252295,SW,55.94466496056665,-3.190412857286651,661.350429058075,561.3168956041336
55.94466496056665,-3.190412857286651,NW,55.944877092601004,-3.1906249893210066,661.350429058075,560.0668956041336
55.944877092601004,-3.1906249893210066,NNW,55.94515425646076,-3.190739794350716,661.350429058075,558.8168956041336
55.94515425646076,-3.190739794350716,N,55.94545425646076,-3.190739794350716,661.350429058075,557.5668956041336
55.94545425646076,-3.190739794350716,N,55.945754256460766,-3.190739794350716,760.7816653251648,561.4673601388931
55.945754256460766,-3.190739794350716,NNE,55.94603142032052,-3.1906249893210066,827.036853313446,672.9702516794205
55.94603142032052,-3.1906249893210066,SE,55.94581928828617,-3.190412857286651,827.036853313446,671.7202516794205
55.94581928828617,-3.190412857286651,N,55.94611928828617,-3.190412857286651,827.036853313446,670.4702516794205
55.94611928828617,-3.190412857286651,W,55.94611928828617,-3.190712857286651,827.036853313446,669.2202516794205
55.94611928828617,-3.190712857286651,E,55.94611928828617,-3.190412857286651,827.036853313446,667.9702516794205
55.94611928828617,-3.190412857286651,SSW,55.94584212442641,-3.1905276623163603,827.036853313446,666.7202516794205
55.94584212442641,-3.1905276623163603,SSW,55.94556496056666,-3.19064246734607,827.036853313446,665.4702516794205
55.94556496056666,-3.19064246734607,NE,55.94577709260101,-3.190430335311714,827.036853313446,664.2202516794205
55.94577709260101,-3.190430335311714,SSW,55.945499928741256,-3.1905451403414236,827.036853313446,662.9702516794205
55.945499928741256,-3.1905451403414236,N,55.94579992874126,-3.1905451403414236,827.036853313446,661.7202516794205
55.94579992874126,-3.1905451403414236,NW,55.946012060775615,-3.1907572723757793,827.036853313446,660.4702516794205
55.946012060775615,-3.1907572723757793,ENE,55.946126865805326,-3.190480108516026,827.036853313446,659.2202516794205
55.946126865805326,-3.190480108516026,S,55.94582686580532,-3.190480108516026,827.036853313446,657.9702516794205
55.94582686580532,-3.190480108516026,N,55.946126865805326,-3.190480108516026,827.036853313446,656.7202516794205
55.946126865805326,-3.190480108516026,S,55.94582686580532,-3.190480108516026,827.036853313446,655.4702516794205
55.94582686580532,-3.190480108516026,N,55.946126865805326,-3.190480108516026,827.036853313446,654.2202516794205
55.946126865805326,-3.190480108516026,W,55.946126865805326,-3.190780108516026,827.036853313446,652.9702516794205
55.946126865805326,-3.190780108516026,W,55.946126865805326,-3.1910801085160263,827.036853313446,651.7202516794205
55.946126865805326,-3.1910801085160263,S,55.94582686580532,-3.1910801085160263,827.036853313446,650.4702516794205
55.94582686580532,-3.1910801085160263,N,55.946126865805326,-3.1910801085160263,827.036853313446,649.2202516794205
55.946126865805326,-3.1910801085160263,S,55.94582686580532,-3.1910801085160263,827.036853313446,647.9702516794205
55.94582686580532,-3.1910801085160263,W,55.94582686580532,-3.1913801085160265,827.036853313446,646.7202516794205
55.94582686580532,-3.1913801085160265,WNW,55.94594167083503,-3.19165727237578,827.036853313446,645.4702516794205
55.94594167083503,-3.19165727237578,SSE,55.94566450697528,-3.1915424673460704,827.036853313446,644.2202516794205
55.94566450697528,-3.1915424673460704,SE,55.94545237494092,-3.1913303353117146,827.036853313446,642.9702516794205
55.94545237494092,-3.1913303353117146,N,55.94575237494092,-3.1913303353117146,827.036853313446,641.7202516794205
55.94575237494092,-3.1913303353117146,NW,55.94596450697528,-3.1915424673460704,939.3212084770203,736.5228105783463
55.94596450697528,-3.1915424673460704,E,55.94596450697528,-3.19124246734607,939.3212084770203,735.2728105783463
55.94596450697528,-3.19124246734607,SW,55.94575237494092,-3.191454599380426,939.3212084770203,734.0228105783463
55.94575237494092,-3.191454599380426,W,55.94575237494092,-3.191754599380426,939.3212084770203,732.7728105783463
55.94575237494092,-3.191754599380426,ENE,55.945867179970634,-3.1914774355206728,939.3212084770203,731.5228105783463
55.945867179970634,-3.1914774355206728,SSE,55.94559001611088,-3.1913626304909632,939.3212084770203,730.2728105783463
55.94559001611088,-3.1913626304909632,SE,55.94537788407652,-3.1911504984566075,939.3212084770203,729.0228105783463
55.94537788407652,-3.1911504984566075,W,55.94537788407652,-3.1914504984566077,939.3212084770203,727.7728105783463
55.94537788407652,-3.1914504984566077,SSE,55.945100720216765,-3.191335693426898,939.3212084770203,726.5228105783463
55.945100720216765,-3.191335693426898,SSE,55.94482355635701,-3.1912208883971886,939.3212084770203,725.2728105783463
55.94482355635701,-3.1912208883971886,N,55.94512355635701,-3.1912208883971886,939.3212084770203,724.0228105783463
55.94512355635701,-3.1912208883971886,NNW,55.94540072021677,-3.191335693426898,1007.83455991745,829.4616686105728
55.94540072021677,-3.191335693426898,SW,55.94518858818241,-3.191547825461254,1007.83455991745,828.2116686105728
55.94518858818241,-3.191547825461254,SSW,55.944911424322655,-3.1916626304909634,1007.83455991745,826.9616686105728
55.944911424322655,-3.1916626304909634,N,55.94521142432266,-3.1916626304909634,1007.83455991745,825.7116686105728
55.94521142432266,-3.1916626304909634,E,55.94521142432266,-3.1913626304909632,1076.021686077118,924.9655443429947
55.94521142432266,-3.1913626304909632,SSW,55.9449342604629,-3.1914774355206728,1076.021686077118,923.7155443429947
55.9449342604629,-3.1914774355206728,S,55.9446342604629,-3.1914774355206728,1076.021686077118,922.4655443429947
55.9446342604629,-3.1914774355206728,E,55.9446342604629,-3.1911774355206726,1076.021686077118,921.2155443429947
55.9446342604629,-3.1911774355206726,NW,55.944846392497254,-3.1913895675550283,1076.021686077118,919.9655443429947
55.944846392497254,-3.1913895675550283,N,55.94514639249726,-3.1913895675550283,1076.021686077118,918.7155443429947
55.94514639249726,-3.1913895675550283,ENE,55.94526119752697,-3.191112403695275,1076.021686077118,917.4655443429947
55.94526119752697,-3.191112403695275,WNW,55.94537600255668,-3.1913895675550283,1076.021686077118,916.2155443429947
55.94537600255668,-3.1913895675550283,N,55.94567600255668,-3.1913895675550283,1076.021686077118,914.9655443429947
55.94567600255668,-3.1913895675550283,NW,55.94588813459104,-3.191601699589384,1076.021686077118,913.7155443429947
55.94588813459104,-3.191601699589384,SSW,55.94561097073128,-3.1917165046190936,1076.021686077118,912.4655443429947
55.94561097073128,-3.1917165046190936,N,55.94591097073128,-3.1917165046190936,1076.021686077118,911.2155443429947

